01
01
01
01
01
01
01
01
01
01
01
01
01
01
01
01
01
01
01
01
01
01
01
01
01
01
01
01
01
01
01
01
01
01
01
01
01
01
01
01
01
01
01
01
01
01
01
01
01
01
01
01
01
01
01
01
01
01
01
01
01
01
01
01
01
01
01
01
01
17
01
01
01
01
01
01
01
01
01
01
01
01
01
01
01
01
01
01
16
17
01
01
01
01
01
01
01
01
01
01
14
14
14
14
14
14
14
14
16
17
01
01
01
01
01
01
01
01
01
01
13
13
13
13
13
13
14
14
16
17
19
19
19
19
01
01
01
01
01
01
12
12
12
12
12
13
14
14
16
19
19
01
19
19
01
01
01
01
01
01
12
10
10
10
12
13
14
14
16
17
19
19
19
01
01
01
01
01
01
01
12
10
10
10
12
13
14
14
16
17
01
01
01
01
01
01
01
01
01
01
12
12
12
12
12
13
14
14
16
17
01
01
01
01
01
01
01
01
01
01
12
12
12
12
12
13
14
14
16
17
01
01
01
01
01
01
01
01
01
01
13
13
13
13
13
13
14
14
16
17
01
01
01
01
01
01
01
01
01
01
14
14
14
14
14
14
14
14
17
17
01
01
18
01
01
01
01
01
01
01
14
14
14
14
14
14
14
14
17
01
01
18
18
01
01
01
01
01
01
01
14
14
14
14
14
14
14
14
17
01
18
18
01
01
01
01
01
01
01
01
01
01
01
01
01
01
01
01
17
01
18
01
01
01
01
01
01
01
01
01
01
01
01
01
01
01
01
01
17
01
01
01
01
01
01
01
01
01
01
01
01
01
01
01
01
01
01
01
01
01
01
01
01
01
01
01
01
01
01
01
01
01
01
01
01
01
01
01
01
01
01
01
01
01
01
01
01
01
01
01
